2306
9325
4374
7342
8006
3911
1149
7144
0991
1939
6928
0161
0717
2894
1712
1039
3427
4442
0230
0961
9939
6301
9802
0141
0119
9507
9844
5512
5869
7134
6559
8542
4747
2953
4526
9513
9800
5552
8638
8514
7817
3150
0847
3112
8027
0518
0796
9343
5742
1873
8126
2253
6386
4009
3118
3247
9727
3657
8979
8719
8206
5079
5581
0720
5929
1223
6401
0799
6064
8101
0367
7681
3090
9696
3228
9497
7231
2065
0328
7399
0573
0202
6486
6240
2343
3205
6134
8183
7996
3803
4322
7420
6257
3578
3702
2122
5012
9517
6672
5282
7318
1015
5842
1946
4861
9931
1695
5312
9940
4699
7664
1409
2609
2337
5875
1165
0987
0962
4223
7195
0107
8469
9444
4817
5199
4006
2597
9198
9865
2468
2280
2328
1786
0733
5070
3624
7512
6737
3574
8358
3841
2928
5757
9737
3526
2836
6967
4802
0670
6235
5879
3404
5594
7151
4660
5019
5409
3554
4007
0402
1764
9529
0595
8058
0409
8761
6088
2991
9071
8318
9409
6831
5618
0474
5852
0083
6164
1493
5141
6507
4431
7568
6108
9325
5610
5752
5502
8883
2268
8107
1279
9751
9241
8552
9008
6204
2453
1587
6283
8561
3304
0594
5949
6931
6564
7407
4152
0497
3785
0995
2599
0704
2247
1053
5809
1755
0684
2723
5708
7202
6918
0502
7601
1544
5328
1899
5039
0668
9980
7308
5061
1925
9507
1211
2973
3766
4044
8958
9388
1851
6247
0197
6117
3040
1635
5588
2490
7398
7092
2643
9299
5822
3464
7372
5529
0666
0490
6082
3496
0348
8256
6918
5635
2294
6892
9011
9978
1141
3573
5406
2729
4656
9809
2769
1737
1669
7578
0785
7805
4123
9706
1594
9083
2936
1662
1882
2953
7775
7543
9069
4516
5607
0318
2025
2334
8944
1055
9856
5478
8182
1900
2458
9130
1780
9269
0666
5533
5415
0762
0117
1487
1023
0043
6678
9443
7474
8219
0977
7315
4911
8455
0267
8757
1283
1444
4919
3484
4012
5121
2986
0998
1522
3679
9176
4508
0868
6614
4592
5433
8946
0580
6934
6638
7787
1738
1413
4502
0422
7844
2632
7983
5480
2591
9000
1888
1865
2699
0742
1384
6824
8952
9220
3125
4031
7843
9485
1036
6274
6699
1104
7769
1893
4393
3686
5941
1042
6439
3372
2418
9908
1530
0548
4641
8693
7645
2929
9551
6829
6485
5882
5001
5726
2102
2151
5731
2787
1589
9224
5963
0065
4751
7938
4010
4739
8466
0161
7617
6148
4486
5995
1637
5815
2864
3307
4713
2179
5372
5301
9428
5363
5760
5593
2019
3446
2074
1977
5302
6138
4604
8897
2521
4407
2553
8751
6869
8299
8270
8350
6172
9578
8461
2704
2514
5864
8145
4161
0036
2325
8841
1853
1179
0287
2984
9318
8055
4223
2420
7610
1642
4322
9337
9567
7143
5241
8430
8617
8336
7942
6993
5951
2808
9033
1631
3517
4494
3209
1805
4450
8822
9967
6699
1033
6234
4617
2162
6846
2552
0791
7450
6845
1614
0717
3204
8952
6281
7130
3128
2873
4156
9081
1697
5853
7986
0100
3385
5263
5688
8047
6676
6143
7197
8566
6706
9822
1510
3972
8127
6289
2806
0503
9274
4192
3705
3773
0427
6969
6006
7197
0390
9244
5165
8223
9249
3232
3150
3774
9697
4964
4551
6919
8159
4254
2453
5437
1209
3013
7518
0072
4593
5571
2026
5253
0624
7620
2650
6983
4883
8384
3973
2050
2886
5228
6204
8350
0438
7854
8943
8881
9732
4940
7830
6921
2775
4821
8061
9876
3496
5407
9708
0027
4176
8639
0475
0018
9048
7283
8406
6454
8770
5968
6087
6801
0870
3616
0244
4583
8819
4406
7736
4302
3195
0251
5233
9343
9050
4804
2448
0353
9463
3519
6460
3015
1746
6832
8043
3375
1321
2087
2735
2846
2261
8691
1273
0665
8712
9431
9068
6493
7063
9594
4643
6721
1682
1688
3496
7809
2603
7803
9250
4295
6578
7080
8222
0062
4240
3585
0642
1939
6639
2461
6293
9055
3768
2042
7766
7150
1032
1277
4013
9305
2640
7714
6095
7595
6653
7879
8237
9343
0119
0723
9611
2386
3005
5405
0298
1900
0243
8096
5399
6378
1025
9085
6945
8947
5717
6388
6877
7738
9758
8668
8484
4563
0021
9512
0567
6622
8144
8406
4410
4893
6691
7018
6337
3430
1195
8356
3392
1393
0653
5127
0182
5366
3424
9736
6420
8352
4502
3239
6985
4168
4736
4350
6552
0551
8186
1604
1198
0588
3070
6787
5160
9904
5219
2260
4049
6566
6234
7721
2247
7394
1592
2891
2073
8439
6531
7563
6418
2853
9677
1026
2134
7373
6281
6567
2943
7387
6605
3926
8190
8546
6246
0490
8666
3842
5484
9234
7780
6884
4675
7560
5821
7828
0778
5858
0631
7319
8984
8721
2986
6950
4823
7663
1009
6199
7348
9349
5906
4548
4127
4271
2924
5928
4181
6084
3049
2811
1836
4727
2359
1997
2059
5536
6166
8161
1194
9368
6611
7698
6433
2642
9819
5391
9081
5295
3427
7103
7436
0659
4718
1120
3320
5139
9850
1890
8573
7240
4379
2891
4051
6033
1162
1759
6177
5231
7894
7433
9081
6288
2756
5131
3697
0833
3620
8246
4663
7207
4512
4198
1999
9535
5657
7813
8647
4008
0671
8670
7293
3907
4900
5352
0801
4209
6153
6926
3278
2262
3886
8427
7833
2635
2069
8959
6431
6389
0187
1925
5212
0941
2230
3667
4712
0499
3479
2025
3277
7398
9524
6701
0936
1880
8444
8418
5169
1348
3092
3432
9684
9782
9841
2610
1422
2996
2601
1264
2082
6905
6983
2082
0850
1640
9529
6298
5406
7767
0755
5258
3702
4100
0233
8421
3231
4480
3480
2526
6527
1591
7953
9357
1312
4435
3608
8079
4297
4548
5828
0219
1242
7484
4951
7210
8402
9338
5442
8605
3883
3751
8904
5944
9247
2833
7279
0841
3679
6752
5528
3664
8399
2367
4924
6768
7901
9179
6617
6888
2273
0081
6605
6711
9492
5402
5113
6613
4639
1278
2859
7883
3035
2640
7711
8914
5498
5036
0600
9269
7457
0180
7904
3694
1777
4111
5924
4272
4327
0523
4095
7214
7909
1306
8586
7000
9008
1763
3861
5903
8684
6213
0570
8133
4197
7932
7502
1176
0086
1755
1323
9340
1739
8788
1785
2344
1111
3836
7146
8031
7700
6058
6300
1274
2160
4477
5751
1560
1500
0727
6019
2617
2152
3519
0416
6510
8694
1896
0774
6800
2988
7838
9101
3529
7206
6191
0924
5264
0755
9792
6903
4193
4830
0413
2700
5959
3660
8311
3666
8846
1486
9609
9474
5041
5849
7027
3995
8618
2498
3734
9050
5989
6083
9026
2130
8760
9085
4473
8513
0320
2802
9686
8342
8808
7536
5467
5128
1934
2828
7628
5133
1075
7751
3786
1395
2690
3656
7359
0166
4527
2465
3950
9313
1834
1339
3055
2713
2991
7181
5439
9902
4829
0516
5216
6331
3073
5657
9622
2844
4800
0815
5787
6096
6363
4046
7638
9116
7563
5553
2478
9230
8619
5156
1215
3336
6387
6331
9681
3665
0619
2704
4786
1971
5949
2018
3471
9812
4684
7962
2211
9018
9973
5857
3453
7396
9501
7260
8464
2949
0316
9029
1704
4996
9411
1868
4301
1665
8664
5370
0453
4032
5294
1828
8300
1464
3075
4808
7315
0761
2652
6092
3060
6733
3392
9150
3279
9176
2940
6999
7525
2353
0907
5120
2161
4536
4412
5276
2109
3162
3260
6263
2200
8140
1230
8879
6481
5836
7075
4451
8513
5700
6878
5628
7473
9777
9099
7951
7258
1717
6035
3696
1680
5447
5737
0006
1149
9895
6936
9835
3783
6830
7338
5744
3097
8430
7876
1412
8749
2280
3784
8142
1543
3885
9174
6911
1845
2719
7300
0967
0592
4837
2456
4268
3466
8736
8524
5164
2005
0516
8176
9722
0744
7909
1089
2162
3413
7602
4399
7306
5763
8805
5101
8697
3089
7393
8043
3083
2984
0193
4786
2057
9713
0403
7377
8387
0366
7408
0188
1735
3806
9653
7700
3264
3746
5060
6653
3013
1463
7898
1974
5752
7253
9900
7158
2743
2319
6615
2006
5162
3399
8452
8035
1923
1390
3713
9205
2198
3090
8548
6748
8113
8079
5887
2936
9808
4248
4761
1298
4503
5150
0814
7080
5942
5177
1465
5276
8895
2715
6437
3795
7150
1646
6716
6622
9993
6991
3127
1038
5112
9324
3041
5604
8517
8227
9624
0348
7440
8649
3948
0940
7184
8443
7141
7976
5409
4661
1942
8531
8867
3977
8337
8422
6481
7079
5798
3543
4319
0213
1311
6427
6114
2630
2400
3026
6086
2914
8251
1758
7110
2666
6717
7527
1544
9350
3274
0790
9709
1943
2124
4372
6186
9438
0465
4651
5183
1274
2637
0819
0297
9459
5424
8678
3030
8042
2127
9003
9650
5559
7466
2794
2366
1163
5552
7815
4250
0699
1611
7391
3997
4673
0184
4209
2302
0543
1190
0018
5679
0245
3371
8053
2433
1906
4887
2513
2373
4757
8577
1288
4164
4036
6651
2755
6506
3477
1250
0605
8623
4162
6417
0484
2402
2042
3251
8658
2422
2134
2560
2999
2181
3362
1144
8781
4315
5313
0891
9814
0182
9960
2134
6073
6888
7652
5984
3307
9515
2098
3426
6339
1256
6596
1312
8078
3865
4780
1414
3173
9344
5330
3196
5687
8970
7405
2208
1822
7431
0462
6199
3252
7074
0986
2774
0136
0417
7259
6788
3662
1571
2852
4440
1931
6450
5583
4067
2337
6478
1488
0491
9695
4384
4811
0510
6965
4680
4333
0504
9928
8594
7025
8554
1694
1383
4361
2489
5072
0283
0500
5750
3246
4550
3085
3949
7786
3818
7913
6562
6591
1936
6902
9617
7355
1178
8044
0127
1687
4502
4009
8497
1726
3935
9004
7789
5605
6548
8747
4976
8321
5830
7984
6417
7901
4376
0344
3238
4683
2346
8818
1616
5152
3513
4197
5566
8260
8722
9221
7056
0136
5162
6512
0740
6280
8197
0248
9200
6016
6069
8603
5335
3917
4440
7731
0778
0543
3653
3717
2003
0116
0103
4028
6054
0195
9510
5016
1564
8294
7495
4237
6720
2961
9432
0948
8335
5723
1704
8010
2707
3366
8905
7199
2363
6991
7123
8270
8667
2029
4365
0715
9501
2643
3832
0439
9972
4096
8364
0389
7453
1943
9013
2473
3034
1401
1534
4297
5837
8669
9340
7941
2381
6112
4337
4285
3047
1200
6670
5624
8020
9658
4392
0428
1348
5475
3694
9513
3132
5782
9101
3270
7692
5313
8322
0026
5826
7343
3436
1253
2179
7555
9645
2089
7426
3189
2526
8356
5445
6413
8400
4125
2827
5290
8295
9862
1092
3623
4409
3446
3943
5132
4828
9888
7507
2501
4700
7003
9298
1583
8855
4784
0488
2830
0665
6824
0426
6027
7806
6971
6674
3127
4736
4821
2209
2295
4711
4251
6893
1868
7601
9881
4969
9942
6875
8181
0247
0133
9046
8169
2778
5197
8276
2330
6655
4887
2879
8392
4387
0075
2738
0480
4279
7838
8960
5930
3727
6829
8076
8524
8349
9646
8256
2062
8717
1827
7758
8070
3093
1362
5658
4426
1575
4535
5697
7920
1527
6771
4444
6165
4183
9932
7616
6715
0035
8355
1793
1151
7736
4413
9981
8297
3298
9906
3546
1899
7760
4748
4081
6878
2892
9263
2612
1590
7181
9935
7956
6565
8543
5487
2183
1401
7412
5898
1569
6914
3709
4073
9999
4248
3624
2121
1118
5305
6880
4888
3382
6276
6771
1507
7572
8648
6691
3350
4954
2573
4146
2319
5434
3078
8016
2658
5330
3548
2398
2249
4748
9512
2925
5383
6402
6119
7904
0010
9490
0113
7370
7710
3735
9470
5309
1286
9116
2865
0543
7216
9686
0836
8573
2257
1500
6294
1562
9079
6213
9441
3281
6499
7196
5084
8127
4863
1367
4442
9372
8924
0698
5092
6450
2475
6703
5646
6189
6922
3647
7099
0741
1011
4981
9048
3566
7345
6219
0522
4790
7200
0748
5950
3156
9940
0164
4972
3227
4791
4086
5815
2463
7545
5595
8407
9243
6387
8375
5102
9183
7433
8574
9260
1076
4538
2850
8876
0469
3569
7613
6503
7180
0898
7346
0821
7152
3396
7397
4547
9823
6762
8788
9022
4915
9698
2290
0085
3587
0139
7977
1255
6210
4496
0097
9454
2315
3454
8221
5309
2972
7522
2206
3059
1432
0246
5221
8556
8308
0267
3287
6030
4866
6867
4607
5983
1042
9007
9723
0588
3450
9247
5731
8434
1046
7368
6898
8135
6904
9925
3203
8670
1568
5602
1657
9300
1883
4930
1463
2136
3529
2661
2553
9204
5410
6758
0936
4716
1609
5869
3106
8185
2255
6098
0860
5647
4327
0942
3103
9151
0780
7821
6795
5971
3573
9469
0244
4941
5364
2100
3843
9302
0154
4946
9131
6792
5762
9357
2573
3332
1085
7101
3334
4476
0822
4101
0780
3155
7676
4439
7528
9414
6178
0852
5684
7285
4475
2831
9890
5010
1535
0137
3453
6329
8724
0392
3405
8678
9209
7085
0785
3692
4377
2852
3081
6056
1011
5215
4284
1273
6086
5552
8387
9000
4149
7490
9645
3569
3843
9278
4794
0127
7813
7998
9494
0428
4748
4087
5742
7910
2180
5932
8147
7651
0321
7315
0581
9192
7334
8519
1329
2432
9431
7167
7526
6835
1244
3016
7867
4052
9269
4320
9209
4001
2184
4637
5448
0949
6949
1170
0332
3114
5935
4229
1986
9442
7359
8962
0336
7373
0193
7465
0471
7590
7069
4850
8808
6264
0143
4120
7450
9818
9826
6597
6208
3475
5556
3211
6946
3057
6595
3340
9353
3416
6746
8738
1262
0120
4311
1874
6994
4609
4188
7551
1784
2948
3834
2708
7364
5637
9454
5707
5637
4398
7994
2368
0717
3133
4508
1548
3030
3713
9380
1151
6906
9345
7019
9868
2449
0299
5633
6282
0030
2707
7072
4348
0161
8631
9829
9612
7039
5782
3070
2749
3174
5991
8762
2135
6973
8253
7430
9387
9124
7140
2138
0784
6005
9785
0278
1572
7191
3514
8808
1613
7113
4057
0930
7804
8269
5379
0482
3833
6084
3951
3445
3364
4902
1142
9406
9196
5964
9396
4686
1119
4816
5984
6413
7284
5278
1393
6656
7037
3678
5825
8980
2255
2231
5220
9379
5206
1902
8252
5915
7996
7018
2215
8333
4724
7712
2804
4128
7877
9003
2099
8855
8791
3882
1100
3545
9688
1632
1223
3933
8246
1867
5767
9569
5998
3287
6753
9316
8829
5926
6340
2885
4454
6108
0561
3238
0877
8906
4192
8824
2733
4337
1231
0532
0314
9266
7118
0479
7816
8371
2878
3347
7336
8258
4991
8720
3949
9571
0938
2041
1842
4186
0531
9496
8594
4814
0748
3874
4135
4150
6678
0151
8578
6584
1613
2069
1770
2638
4747
9568
6728
2435
0662
8300
4798
5572
3323
4021
4384
0866
5406
4925
6202
9965
5482
6470
8988
4654
4698
5115
7257
7612
4784
6192
9192
2738
3749
4578
1599
1381
8170
4366
1909
1917
3030
9749
9391
2387
4819
3369
5486
6725
0888
6259
2655
8419
0616
1359
9256
1046
4247
9985
6735
4555
4703
4916
2086
3849
1169
7018
3431
8469
1403
4539
7848
0472
0691
3408
9662
9135
8051
0711
2503
8173
4604
6767
1933
2823
2828
5176
1908
6128
7611
3172
3068
3259
1616
5340
4855
3251
7212
4674
6500
8727
6985
6231
5591
0846
6812
4155
4949
9100
4798
0612
2253
5119
8644
6689
4063
4468
5744
7480
7773
2713
8431
1770
0985
8605
3860
9459
3322
9830
8878
8593
7159
